Tint: [0, 1, 0.0338983536, 1]
Metallic: 0.0399999991
Roughness: 0
EnableTransparency: false
Tiling: [1, 1]
Offset: [0, 0]